4672, 5952, 3331, 4995, 271, 6736, 274, 8850, 5525, 3734, 4633, 7769,
8345, 8218, 4893, 1887, 13087, 1888, 10977, 18915, 1509, 8549, 4006, 6448,
3185, 4532, 2935, 9143, 5176, 5816, 6714, 4475, 4732, 4030, 4368, 19106,
14467, 8430, 2128, 469, 8277, 4343, 7353, 4413, 16752, 17185, 12162, 16403,
16260, 10389, 17286, 10536, 3577, 16157, 13694, 1856, 1089, 8785, 4612, 117,
149, 9493, 5963, 6877, 7039, 276, 8036, 14900, 18022, 16728, 17640, 18717,
13662, 18126, 19807, 12048, 10180, 13671, 18343, 19305, 15406, 19696, 14769, 11619,
13123, 13748, 19845, 16712, 17657, 18761, 18539, 17730, 8644, 2821, 4421, 6821,
3782, 6346, 18315, 18322, 3252, 11988, 17524, 9334, 14778, 6843, 10779, 6237,
734, 7184, 916, 1112, 1179, 8175, 6304, 13539, 628, 18805, 14326, 3352,
17097, 12012, 11453, 19694, 8543, 6401, 14338, 15300, 10869, 5591, 5033, 410,
18939, 10061, 19581, 10239, 9552, 15440, 10484, 16709, 17351, 11578, 16571, 9231,
12815, 14980, 17220, 13573, 14150, 14854, 19085, 17359, 12241, 15954, 17426, 14867,
14740, 16725, 16853, 12758, 11928, 19034, 14048, 12130, 18082, 15844, 14757, 12070,
12902, 16936, 17576, 18344, 19050, 9517, 16813, 14582, 16246, 19383, 16696, 17208,
12921, 12669, 19517, 11711, 9313, 1657, 13785, 5088, 9968, 11298, 9219, 6869,
17589, 3034, 2717, 7501, 110, 1474, 3746, 4, 6020, 8709, 14886, 7464,
8617, 8873, 9772, 5521, 12852, 4598, 3672, 9022, 2720, 6512, 4818, 4883,
9108, 9109, 1088, 2817, 387, 6728, 4621, 8077, 8784, 4433, 6810, 8156,
7263, 6246, 6438, 874, 2219, 6253, 1072, 6706, 627, 5235, 53, 8631,
4218, 8954, 8895, 2258, 7429, 4377, 6377, 7420, 8831, 7813, 8970, 9610,
7307, 3469, 5389, 7822, 1683, 7444, 4885, 9880, 2330, 7834, 1307, 9883,
9628, 2845, 5149, 9374, 9630, 6177, 9505, 3877, 7973, 167, 7335, 8743,
2088, 2092, 3884, 6830, 2354, 9912, 9402, 1723, 6208, 2628, 4933, 838,
8262, 455, 8651, 7756, 9420, 5709, 78, 4430, 5455, 5840, 9424, 4690,
4435, 7767, 3544, 7005, 96, 5601, 8290, 8675, 9959, 7145, 8426, 5869,
9966, 9071, 8051, 9717, 3318, 1656, 8440, 3193, 9083, 2558, 17029, 13543,
15495, 6412, 7628, 8428, 814, 17058, 17267, 7972, 58, 18030, 7299, 11763,
17060, 2117, 6393, 13628, 5213, 6932, 5556, 6632, 4569, 1210, 2651, 12609,
12611, 16068, 13830, 11143, 11497, 17068, 18956, 18861, 12367, 18002, 15700, 18932,
13941, 12250, 10940, 16413, 14623, 15711, 11761, 850, 1187, 4838, 4727, 7432,
17960, 13241, 14153, 5707, 2835, 8870, 5480, 5113, 8026, 10067, 15459, 3812,
5126, 1192, 3545, 1146, 5981, 6287, 513, 260, 2310, 7944, 1808, 5393,
2578, 277, 5656, 2329, 5916, 806, 8999, 296, 9512, 5673, 7981, 6702,
8751, 7217, 1075, 9523, 1077, 5685, 1846, 5430, 2618, 1341, 3389, 5697,
6983, 6216, 1103, 592, 1361, 9042, 852, 597, 3926, 7254, 9302, 3160,
1372, 5980, 7260, 4445, 4958, 5214, 1375, 4450, 5990, 7270, 8806, 4455,
6247, 9319, 106, 7788, 1391, 4207, 6511, 881, 2418, 7026, 5492, 9845,
5496, 2169, 1658, 2426, 4987, 382, 1153, 1923, 9092, 2181, 6533, 6278,
2186, 4746, 651, 2443, 3981, 6800, 3222, 6807, 4509, 8361, 3502, 175,
1713, 7861, 8375, 442, 1467, 7099, 7868, 189, 3774, 4287, 3521, 1479,
5575, 9672, 2766, 7886, 2257, 2513, 213, 6614, 983, 7640, 8153, 730,
4832, 6881, 7906, 227, 483, 9448, 9962, 3564, 4079, 8177, 4596, 1014,
1018, 6650, 512, 896, 2340, 9156, 901, 1033, 4106, 4650, 365, 2286,
14161, 11958, 13308, 157, 4419, 2021, 6245, 2758, 318, 3710, 2962, 6838,
3229, 1918, 319, 129, 4161, 711, 1096, 6921, 3722, 8907, 1356, 5452,
3473, 8337, 2130, 5586, 7058, 7506, 7191, 5400, 8856, 4122, 4444, 2014,
4127, 6688, 7841, 3300, 1638, 2729, 7019, 4396, 3567, 1392, 3633, 6705,
52, 949, 1782, 2870, 6582, 7990, 1016, 762, 3770, 315, 9979, 4093,
8190, 2452, 13960, 15096, 18985, 6458, 13643, 3596, 6127, 9119, 12810, 17437,
10606, 17861, 19749, 16102, 12231, 10283, 11127, 15578, 18461, 12382, 14462, 12543,
12831, 19807, 10417, 11985, 13011, 14133, 14183, 14794, 13164, 17424, 12385, 882,
8002, 8706, 15298, 15572, 17225, 11019, 14251, 19534, 8324, 10, 2058, 3082,
5514, 2447, 6928, 7057, 9490, 6291, 2580, 3862, 6423, 4251, 671, 6559,
928, 2209, 7586, 3364, 2213, 6824, 4524, 1839, 5039, 5168, 9265, 2226,
1333, 2361, 9662, 448, 835, 6729, 7369, 7370, 5196, 718, 207, 8016,
851, 4179, 2133, 6741, 6616, 4188, 5596, 8542, 6882, 2276, 7780, 8678,
2535, 4071, 9575, 9960, 7401, 1642, 4458, 6508, 7535, 5363, 373, 4215,
2680, 8570, 3324, 17537, 13526, 17625, 12222, 17342, 11695, 2496, 17344, 4034,
10374, 7623, 15368, 13771, 7630, 18958, 1488, 8912, 4116, 9301, 18005, 15896,
2073, 13337, 2394, 546, 4005, 6374, 12008, 4715, 15403, 109, 3892, 2421,
4154, 8766, 14304, 14497, 12579, 7300, 14308, 15430, 12071, 11305, 11754, 15082,
19916, 11279, 12975, 10129, 13137, 12179, 17556, 10005, 15093, 10200, 18360, 16668,
18654, 18657, 13666, 11941, 10326, 15462, 11496, 19000, 10430, 19014, 14575, 14401,
18467, 18020, 17061, 17800, 18026, 13035, 18955, 19979, 12206, 14291, 16499, 16661,
17877, 1184, 6049, 9489, 7250, 19749, 11414, 12231, 19112, 8586, 4172, 11070,
3183, 9970, 19956, 19094, 5833, 11945, 4010, 17484, 3165, 9869, 1742, 5742,
10191, 10993, 10115, 18789, 10742, 11015, 11065, 15481, 12268, 11903, 7619, 8409,
139, 8672, 11488, 16512, 18592, 10625, 2178, 19490, 3907, 12323, 12868, 16646,
19017, 18000, 12529, 11571, 17396, 13783, 14841, 6267, 17083, 17920, 5429, 1226,
15836, 1933, 19857, 11923, 11703, 18076, 11491, 10293, 13141, 19530, 13340, 14847,
19428, 12856, 15007, 11463, 5960, 13194, 15754, 15183, 17231, 19091, 13461, 16789,
12055, 13020, 13725, 17757, 11745, 12961, 17186, 16676, 15335, 17127, 17959, 18858,
15339, 18603, 10989, 15278, 19824, 17268, 11381, 16629, 17781, 12982, 14394, 19645,
13502, 17982, 10111, 18495, 14595, 375, 12577, 17588, 19307, 19756, 10528, 10560,
16643, 15812, 15404, 15693, 10480, 19920, 19922, 10675, 14357, 10714, 15612, 12319,
17215, 13799, 17259, 2048, 4608, 5761, 5122, 7298, 2180, 4357, 6025, 522,
7823, 912, 5648, 2833, 8849, 6162, 1171, 9107, 3732, 6292, 6165, 406,
5526, 535, 6167, 6551, 796, 7200, 2082, 7330, 8228, 6826, 7723, 9391,
1840, 1841, 8114, 7091, 2615, 3512, 5560, 1593, 4537, 6588, 8255, 3394,
8259, 5316, 1222, 5959, 2632, 2890, 2768, 3920, 6352, 4691, 1238, 4950,
6998, 5335, 1880, 6489, 1499, 4443, 4588, 6124, 8300, 3054, 4334, 3568,
4465, 2290, 3955, 9208, 6139, 7675, 5631, 12816, 16161, 15074, 18290, 17075,
11846, 15238, 17654, 10074, 13503, 19010, 17509, 14471, 16615, 16779, 13260, 18576,
15410, 15255, 18232, 18073, 10010, 13405, 17886, 15455, 16191, 1443, 2153, 4921,
5518, 5903, 7714, 13496, 18744, 12164, 15012, 15510, 2727, 13719, 19064, 9737,
9674, 12715, 8101, 8869, 1411, 12275, 17013, 5078, 14071, 3522, 9112, 5738,
9394, 2612, 9204, 5819, 16010, 16138, 18058, 14476, 17676, 14733, 17677, 13966,
17808, 19474, 18837, 10907, 15137, 18473, 18857, 16042, 11691, 13616, 14005, 13111,
16439, 14520, 13115, 15803, 14396, 15174, 18502, 14023, 10953, 11337, 15564, 13390,
15182, 14671, 11601, 11740, 16604, 17117, 10974, 13283, 11109, 14053, 14056, 17000,
18536, 13161, 13418, 12909, 13038, 15600, 10999, 11134, 13234, 13500, 13293, 8562,
10324, 5061, 4214, 839, 6008, 8457, 15706, 11499, 12494, 13422, 9510, 4488,
1915, 7213, 14176, 12963, 11157, 11911, 18535, 16332, 15294, 15247, 15893, 18455,
11498, 19468, 15393, 10116, 14870, 19366, 19368, 13689, 13530, 17836, 12541, 16173,
16685, 12895, 12051, 19387, 13790, 13074, 18387, 7958, 952, 13401, 5150, 17331,
13989, 12662, 10855, 11032, 15001, 15148, 19501, 10510, 18944, 12545, 10498, 11011,
17668, 15878, 10759, 16903, 17672, 13322, 19978, 11276, 13328, 14353, 13076, 11033,
12825, 19737, 15902, 17438, 13088, 19233, 13605, 18981, 13095, 13096, 18472, 12329,
11053, 13869, 16175, 14896, 15152, 14899, 11574, 15162, 19515, 19516, 16965, 12871,
19272, 12361, 15180, 12366, 15952, 18003, 16213, 14168, 19032, 11098, 14683, 17755,
19548, 12639, 19039, 16992, 12897, 11111, 14953, 15725, 17262, 17518, 14703, 18543,
12658, 17525, 13430, 15740, 18561, 11650, 14978, 17538, 10631, 16268, 18828, 14477,
12687, 14736, 16787, 12949, 13208, 15770, 13212, 12446, 11426, 10659, 15780, 16806,
11688, 16808, 12970, 14765, 13486, 11184, 11185, 14002, 17586, 12979, 15283, 16563,
16566, 12983, 16055, 19895, 17852, 10941, 19391, 12738, 17603, 19400, 17099, 12492,
13516, 15820, 11213, 11215, 18639, 13776, 14802, 10454, 15318, 16342, 16854, 15319,
12248, 12508, 17628, 17376, 12513, 13281, 17633, 17380, 14309, 15079, 19175, 19431,
17643, 17388, 13037, 10734, 14833, 14835, 15859, 16116, 15349, 17148, 17661, 9666,
4854, 1431, 9111, 9369, 268, 7372, 3553, 249, 5024, 9221, 8055, 7320,
8520, 9722, 7387, 3869, 5743, 6151, 2568, 1548, 2574, 9999, 9488, 8211,
9748, 9749, 8727, 7194, 4123, 5403, 7455, 7967, 6432, 1314, 1827, 2595,
7716, 1063, 1576, 3881, 5420, 7730, 1843, 3123, 4153, 6713, 7225, 2619,
7230, 7744, 4929, 8261, 8522, 5451, 5968, 8786, 1620, 345, 5212, 2653,
8032, 5217, 2658, 7522, 868, 6501, 1639, 3435, 3947, 5227, 7022, 1903,
368, 6256, 7793, 1650, 1906, 116, 3188, 6775, 636, 3197, 9086, 6529,
9093, 7304, 3466, 5770, 5772, 909, 2445, 6030, 143, 1939, 7059, 4247,
9368, 5019, 8091, 4765, 8607, 8608, 930, 7075, 2981, 4775, 426, 6061,
8365, 431, 9392, 7349, 1463, 5305, 7098, 5564, 9408, 706, 708, 2757,
3019, 8653, 2254, 463, 2769, 8657, 2772, 5076, 4053, 9431, 5336, 1498,
7130, 987, 5341, 2782, 5091, 7651, 1508, 6628, 6886, 5868, 1774, 5358,
240, 2544, 3825, 2292, 6644, 9211, 8700, 9980, 7140, 1445, 8138, 9947,
572, 6348, 4520, 6362, 7178, 5423, 818, 5346, 9427, 8613, 731, 16763,
11980, 18895, 4177, 15205, 17976, 2699, 12747, 2444, 1342, 7006, 8322, 3315,
3373, 9486, 13120, 18896, 11841, 14753, 16418, 14922, 14923, 17147, 13693, 13342,
15135, 16031, 12547, 11512, 5613, 17423, 17936, 12305, 18457, 8286, 17134, 4328,
7855, 3176, 9785, 3916, 4909, 7086, 385, 7810, 6661, 6726, 202, 715,
3214, 8464, 7314, 9810, 9171, 5462, 5910, 7452, 2077, 3103, 6818, 740,
5030, 8486, 5351, 8939, 2159, 4786, 4979, 4662, 6071, 2108, 1360, 4914,
3507, 3350, 5562, 6234, 3851, 18566, 13227, 9617, 8978, 1958, 18406, 11831,
7913, 1066, 9194, 1965, 6880, 7682, 9282, 8902, 7241, 4555, 6733, 270,
16, 563, 8851, 6646, 3223, 4471, 3291, 9054, 8229, 6760, 14569, 17610,
7276, 5805, 6415, 4468, 21, 8598, 17878, 9049, 15578, 14171, 4159, 10176,
14417, 10277, 19990, 4631, 10088, 11329, 15395, 15523, 16196, 17894, 11655, 13641,
16306, 16947, 16724, 11349, 12117, 17653, 10710, 16087, 14937, 16765, 10910, 16766,
13279, 14751, 6723, 9542, 9976, 4701, 5486, 11346, 15916, 5281, 19426, 6357,
5353, 5568, 4394, 1056, 3713, 6657, 4323, 5094, 3784, 5384, 7816, 9961,
3404, 753, 6771, 3609, 9563, 8924, 5469, 5597, 16577, 17325, 16529, 14505,
16171, 16219, 17041, 16485, 19493, 14342, 16567, 15273, 12046, 11935, 13826, 13316,
10502, 11793, 16145, 14615, 14872, 14361, 16410, 19994, 16925, 17951, 11814, 13351,
19497, 13098, 14637, 11054, 10288, 18224, 19003, 13886, 19774, 12095, 17728, 15682,
18754, 15427, 19524, 14665, 17228, 18252, 14670, 17230, 13909, 16981, 17493, 16475,
16478, 12386, 14690, 14437, 11623, 11112, 15209, 16745, 11370, 16491, 10348, 13421,
14189, 14958, 13935, 18288, 11125, 14709, 13686, 15224, 15993, 17785, 10623, 16255,
13440, 19328, 12674, 10627, 13445, 12423, 19079, 11912, 12424, 18056, 16009, 17289,
12171, 14989, 13710, 10898, 10131, 10387, 14739, 10900, 15764, 18324, 10901, 19861,
18583, 15774, 19617, 16548, 18084, 13221, 15783, 16809, 14508, 16812, 19116, 10413,
18349, 14254, 15790, 17071, 17074, 15029, 19126, 17336, 19899, 14013, 14526, 16576,
14275, 19910, 15311, 14035, 19411, 14807, 17111, 17623, 16856, 16602, 14813, 15838,
19167, 17121, 15588, 16613, 14823, 17130, 18670, 19186, 19954, 19700, 12789, 10998,
17912, 17146, 15356, 3079, 3191, 9018, 2460, 5215, 12289, 15576, 16409, 19918,
10593, 14339, 17252, 10437, 11270, 14026, 12270, 13039, 16623, 11027, 16756, 10485,
11606, 17142, 17206, 16631, 16603, 13052, 18557, 18621, 11006, 12287, 12032, 11457,
16129, 12930, 11779, 15747, 14021, 19461, 10118, 16966, 10312, 10508, 10384, 16913,
19153, 18131, 11796, 11991, 19161, 19865, 18458, 13787, 11229, 17181, 16737, 16993,
19684, 12649, 10156, 15853, 11632, 17328, 10161, 18866, 17717, 10616, 18936, 16249,
14908, 17535, 18880, 19168, 17350, 16186, 9536, 770, 1219, 2565, 2693, 3397,
9735, 2056, 1675, 9868, 4109, 1807, 6607, 8272, 9808, 3799, 4568, 5976,
5977, 5531, 2269, 3933, 4125, 7773, 8925, 5280, 932, 1892, 1317, 7207,
9258, 1261, 8814, 6703, 945, 5809, 8433, 9202, 1332, 6709, 7607, 3001,
8697, 2299, 2875, 5691, 1854, 2751, 8931, 7188, 5191, 443, 15202, 16165,
17629, 6954, 3852, 7168, 3781, 3976, 1930, 2828, 6545, 4308, 4693, 9622,
1559, 7261, 4638, 6942, 3552, 2660, 9063, 9386, 8688, 8945, 2679, 8183,
1784, 4346, 5883, 2172, 1469, 8317, 4606, 10304, 12161, 10242, 11714, 11874,
11813, 13832, 10126, 13263, 11924, 15127, 12603, 13147, 14272, 11586, 11187, 2673,
2932, 3396, 7462, 520, 5593, 9578, 6827, 2060, 3021, 9581, 7551, 3843,
11907, 13444, 5381, 11525, 8202, 2956, 6671, 7825, 8213, 8214, 5271, 11290,
6428, 5664, 801, 8865, 6179, 17572, 16168, 10672, 18356, 12085, 16821, 9654,
16951, 11325, 4800, 962, 17731, 7492, 18628, 6597, 7749, 1351, 7753, 11209,
5580, 15052, 13009, 17874, 9557, 10845, 862, 8416, 4840, 3945, 8554, 12907,
16235, 8812, 4080, 8048, 8049, 1523, 4852, 11387, 3708, 15103, 218, 6619,
9051, 556, 3084, 7164, 1438, 19508, 13062, 15248, 17392, 14914, 18228, 15976,
17320, 16334, 13570, 13364, 17012, 16440, 19512, 17513, 11194, 16506, 10507, 10891,
11083, 18605, 7301, 9863, 18823, 2696, 6667, 12431, 7187, 5147, 542, 3231,
11296, 18337, 18339, 550, 3494, 11174, 8618, 16426, 7339, 9388, 7085, 5678,
2223, 1206, 6968, 15672, 10811, 16190, 9280, 67, 1091, 6600, 6984, 4942,
17998, 16463, 1621, 11990, 11096, 17240, 346, 7904, 2657, 5861, 2794, 5744,
2289, 8564, 10359, 16891, 17917, 4735, 14931, 15987, 19559, 18382, 15872, 16769,
15234, 16387, 11013, 18181, 18437, 15110, 18182, 16904, 13066, 11148, 18188, 15886,
14863, 18834, 19092, 19476, 17429, 14742, 16022, 14359, 12697, 15257, 18202, 17563,
12700, 15388, 19742, 15775, 11297, 15522, 16034, 17446, 19626, 15276, 16174, 18355,
15287, 19255, 19001, 17594, 14909, 15806, 10687, 14913, 19521, 12740, 15942, 16201,
17354, 13515, 15565, 16205, 18253, 17487, 11220, 14935, 16216, 19033, 11356, 12764,
14815, 16480, 10722, 16739, 11364, 14693, 15845, 16741, 13030, 16486, 16998, 18151,
16489, 13546, 14442, 18669, 11246, 19439, 17393, 10997, 17144, 17272, 18297, 10234,
18299, 10237, 11261, 18302, 13183, 4098, 7846, 19780, 14149, 14663, 18120, 17290,
14027, 19403, 4047, 12943, 15890, 16980, 19924, 16601, 12445, 15581, 17373, 11614,
10592, 11617, 11810, 15714, 18659, 16740, 10347, 12651, 10556, 13567, 1537, 4226,
5, 5767, 8781, 3150, 3598, 4239, 3665, 8018, 1049, 3674, 6043, 2204,
221, 479, 6819, 2404, 4711, 3816, 1580, 7148, 9068, 7149, 7088, 3058,
5362, 691, 9651, 5366, 6006, 5175, 2488, 3384, 5306, 3069, 9981, 6398,
3903, 7423, 16449, 16450, 18115, 16839, 16618, 12076, 16653, 18093, 19245, 10158,
16784, 14552, 12281, 5479, 14862, 13042, 14279, 14839, 14712, 18386, 11192, 15198,
10038, 15529, 14373, 15721, 4000, 4224, 13920, 16309, 13527, 2148, 1637, 1094,
5862, 2184, 6696, 9993, 7018, 3115, 2672, 3601, 2068, 3573, 9397, 8759,
154, 3709, 8669, 6719, 5200, 196, 5909, 2551, 7385, 5615, 6031, 13668,
19815, 17512, 19721, 18893, 15919, 19376, 17842, 10419, 19253, 13334, 18902, 13591,
13915, 16956, 10621, 19869, 15934, 2176, 5459, 9875, 8596, 840, 3727, 1920,
4641, 4050, 6691, 9829, 2342, 9110, 6730, 8634, 5131, 5132, 3310, 18464,
18784, 16906, 15724, 13822, 10720, 11413, 11258, 5026, 18786, 9508, 7685, 13765,
16454, 3080, 9577, 1804, 1805, 5741, 14, 10576, 9457, 18610, 7574, 11544,
17371, 8572, 17597, 17470, 6563, 1339, 3691, 7597, 6656, 3589, 9445, 4424,
5930, 1355, 1388, 3919, 1520, 5234, 6550, 6870, 8630, 567, 9688, 4505,
1244, 5276, 350, 5121, 5282, 323, 4261, 7238, 4679, 1000, 3246, 402,
1076, 9588, 6711, 1053, 1406, 447, 2481, 4273, 979, 1380, 760, 3739,
1695, 8000, 1233, 2642, 435, 1587, 361, 5164, 6238, 4911, 9400, 9915,
1724, 4668, 7357, 958, 2898, 7242, 3554, 7170, 7748, 12036, 7013, 18470,
9065, 650, 4267, 4684, 3117, 5520, 433, 5873, 18129, 5781, 2454, 2553,
19418, 2940, 5948, 1661, 9342, 2239, 19716, 4998, 17798, 1415, 4359, 393,
5257, 4236, 14605, 18573, 18831, 19856, 16914, 17173, 4502, 4887, 17177, 5917,
15647, 12576, 12065, 16546, 9763, 17699, 36, 7076, 3879, 7079, 9511, 12974,
943, 5807, 18996, 8247, 8635, 14011, 11068, 2877, 10943, 3648, 4545, 8386,
13252, 17477, 17352, 4553, 9289, 3658, 3020, 6732, 9814, 8535, 4056, 5210,
8410, 17244, 3167, 13535, 19295, 10978, 14822, 17896, 4073, 13420, 622, 4206,
18159, 19312, 2162, 14194, 15986, 17779, 7540, 10620, 4529, 2484, 3220, 5748,
1973, 9526, 4360, 8248, 4233, 9113, 1693, 9118, 2305, 3587, 7427, 8069,
1606, 12615, 13000, 8143, 5140, 19611, 6108, 19359, 3808, 2533, 10341, 2982,
19110, 12265, 2158, 7151, 14191, 17135, 5490, 13173, 12349, 19838, 14463, 17599,
7736, 5087, 4208, 8273, 16900, 17302, 8311, 11433, 570, 15354, 65, 5441,
8451, 4742, 9222, 9224, 4042, 459, 8203, 7437, 7758, 2448, 1811, 9236,
4823, 474, 4058, 5659, 2012, 3934, 2529, 9570, 2787, 5219, 6117, 9766,
8233, 9769, 5226, 7727, 178, 5043, 7801, 8765, 4734, 7295, 13697, 8710,
4427, 9740, 19981, 16849, 1426, 14611, 19603, 9813, 15126, 16792, 2841, 15387,
16156, 19804, 7582, 11050, 15658, 6059, 19947, 15789, 19309, 14510, 13751, 14647,
3321, 12986, 765, 18813, 15870, 8769, 14818, 15750, 5576, 13002, 2187, 2349,
4209, 19250, 3700, 8310, 12694, 16027, 1980, 8413, 1950, 6495, 17183, 9153,
15304, 8778, 10219, 14507, 15020, 10222, 13262, 12496, 19602, 4469, 9461, 10395,
5920, 6483, 2197, 330, 3151, 4479, 9696, 617, 9773, 3375, 1218, 4676,
3595, 9358, 9104, 8209, 9809, 5398, 8919, 2138, 5211, 8093, 159, 6240,
7394, 6436, 7718, 7465, 1195, 2095, 5808, 2417, 1714, 3326, 7679, 14592,
13831, 6408, 5129, 9481, 14603, 9494, 792, 5146, 17434, 2078, 10270, 16932,
3110, 14120, 1070, 5680, 817, 3122, 10043, 15166, 8257, 6467, 329, 13897,
17993, 9034, 11084, 10573, 10064, 11857, 13398, 1879, 4439, 344, 5464, 8536,
1113, 1630, 13663, 8289, 872, 13416, 10346, 1387, 11627, 8045, 3699, 13428,
15989, 1400, 889, 6521, 1405, 8577, 19589, 16263, 8842, 6539, 9103, 2450,
6293, 17301, 19605, 1174, 10390, 6298, 15771, 1182, 2718, 6814, 8353, 8356,
12708, 15268, 16805, 4777, 7849, 2475, 2476, 16307, 19637, 17846, 10423, 13497,
8381, 4544, 3265, 5057, 19655, 971, 9932, 16076, 3296, 14560, 5098, 5357,
18160, 14834, 14579, 6136, 2810, 13564, 8961, 14276, 7593, 6315, 19854, 10960,
15316, 11576, 89, 13562, 7547, 17307, 14239, 1698, 16708, 7141, 1031, 12679,
16554, 17419, 10252, 18125, 9039, 13618, 18898, 15348, 5237, 15957, 15065, 5117,
15358, 12031, 17663, 4354, 9892, 19140, 7909, 11942, 8744, 13674, 9838, 6095,
6289, 4466, 10290, 1491, 9142, 12087, 15482, 5179, 3644, 1425, 3093, 10261,
5431, 7784, 18024, 7865, 6107, 13403, 13979, 6573, 9997, 4037, 7917, 6402,
2979, 9267, 6885, 6888, 3950, 5182, 1139, 7926, 5768, 8282, 10817, 11842,
13506, 19970, 13574, 18374, 13255, 12168, 10825, 16073, 11210, 12682, 10955, 13259,
17421, 18829, 14225, 11410, 19794, 17238, 11415, 15833, 17567, 12704, 14754, 19810,
10275, 11363, 14307, 12772, 15912, 17579, 13296, 18482, 10035, 11892, 4853, 16888,
11257, 10236, 14590, 4112, 18292, 7126, 107, 9035, 14062, 11999, 11953, 17569,
2098, 6053, 12069, 6343, 17975, 13994, 4541, 5502, 9744, 3111, 7208, 297,
1921, 4231, 6535, 1160, 2763, 1293, 2189, 9933, 6926, 5263, 7312, 5971,
1301, 6168, 2778, 3355, 3547, 2140, 6044, 7516, 2013, 7710, 2784, 2785,
5475, 8742, 8807, 808, 5928, 3050, 9324, 3312, 9841, 7986, 9715, 9972,
9079, 824, 7417, 6011, 3965, 12512, 8995, 12999, 1001, 2859, 13965, 12527,
13871, 5872, 16241, 13429, 15382, 6615, 11031, 11095, 14488, 11609, 11131, 17435,
19164, 29, 19070, 18943, 1473, 133, 1158, 18824, 10249, 14281, 15117, 9555,
9750, 2074, 7770, 12828, 8418, 11236, 2152, 8684, 17133, 10862, 3439, 5426,
6194, 179, 16819, 822, 10807, 7611, 5438, 7935, 14015, 16767, 4339, 9699,
646, 694, 7031, 5208, 795, 11403, 1533, 13325, 16509, 16416, 2737, 13459,
13190, 18871, 9176, 16777, 14410, 6303, 12877, 3902, 17727, 8288, 13840, 10258,
14644, 14934, 15766, 7896, 8441, 11802, 19466, 5256, 5790, 19171, 14919, 16199,
16519, 15880, 10569, 14857, 19625, 19435, 14797, 14576, 15472, 19121, 17555, 13396,
16180, 10295, 15929, 12860, 16861, 14110, 10015, 13343, 9472, 12800, 13824, 5249,
16513, 11778, 9347, 2185, 17420, 7309, 2446, 12308, 12438, 1816, 10906, 10525,
543, 17696, 16687, 4403, 12723, 7610, 7866, 19132, 10685, 2625, 834, 4162,
8130, 10820, 16326, 10314, 5323, 8267, 4943, 848, 16976, 13265, 14163, 10837,
14817, 19685, 18407, 13552, 11121, 14065, 246, 5750, 13302, 2044, 9213, 6655,
18047, 54, 8056, 2234, 4283, 1901, 5203, 6083, 9380, 5797, 3399, 11936,
18978, 17795, 11556, 15749, 14310, 10922, 16586, 12109, 17966, 10383, 15441, 13842,
17746, 17778, 13203, 19443, 12692, 13336, 18968, 17630, 17662, 2304, 11010, 2437,
1547, 11404, 14220, 7439, 15504, 657, 3729, 15249, 8467, 14227, 4629, 16280,
18585, 2214, 14374, 14375, 6568, 2347, 12203, 10029, 15664, 15154, 18227, 10549,
10681, 11450, 10822, 12232, 4297, 8268, 19280, 17875, 18771, 10455, 10840, 12120,
15960, 6746, 7258, 13916, 3805, 12643, 18916, 6503, 17256, 6123, 10091, 14315,
3308, 4462, 13938, 4275, 11987, 12052, 14084, 453, 13321, 7546, 10076, 14221,
10207, 1476, 7910, 5511, 41, 7209, 6186, 7633, 6836, 2965, 4982, 5304,
8953, 6779, 9467, 9308, 5053, 9694, 2943, 7583, 13507, 8967, 1704, 18184,
2987, 4395, 6475, 16139, 16715, 7052, 19020, 19628, 9714, 4723, 14963, 14837,
16405, 13435, 6524, 5758, 15392, 13474, 8260, 6342, 8359, 7433, 10923, 6255,
12243, 8276, 2102, 18934, 5369, 7804, 7806, 2335, 3105, 3361, 3393, 515,
3683, 8935, 1353, 4235, 4205, 8941, 8946, 6067, 8054, 2359, 8823, 4920,
6488, 6584, 3836, 6461, 6526, 1183, 10688, 19776, 4705, 17634, 7235, 10084,
11044, 9957, 2887, 6215, 13352, 18347, 1007, 8367, 6898, 10036, 2582, 2263,
19543, 7992, 5018, 7386, 4219, 2462, 768, 2177, 14786, 15940, 18569, 18825,
5515, 7565, 4302, 7054, 15055, 16527, 3282, 14418, 19, 531, 12119, 14744,
7450, 18650, 1691, 12509, 16990, 7199, 4325, 999, 936, 3498, 19244, 15277,
15981, 15857, 17841, 3316, 16692, 16885, 12152, 9849, 13113, 15290, 14782, 19583,
5313, 5442, 3526, 3911, 2960, 2515, 8404, 2134, 88, 8602, 5982, 5663,
2272, 6370, 4644, 6055, 8683, 7212, 5037, 2094, 4974, 6638, 239, 2096,
4401, 9521, 7929, 3706, 5820, 7036, 7293, 4288, 1665, 9090, 7939, 8387,
388, 1540, 7876, 7557, 2182, 136, 8009, 5836, 8396, 4046, 9806, 6159,
5779, 340, 1364, 342, 4826, 1503, 991, 5984, 6313, 1002, 8622, 9203,
8820, 1397, 3445, 374, 3062, 248, 3899, 3006, 8062, 9534, 14979, 2308,
6406, 6662, 12554, 8206, 7951, 2704, 4048, 5265, 5653, 2774, 14422, 2840,
17947, 6300, 9564, 6685, 4190, 13406, 5023, 6816, 1763, 554, 5165, 19630,
111, 1647, 6447, 3442, 2807, 10553, 10106, 7996, 18620, 8061, 5694, 10240,
11524, 13060, 13188, 17926, 12807, 11402, 13962, 11150, 17294, 17422, 17297, 14230,
10647, 19480, 15002, 11932, 14236, 19882, 19883, 17583, 11312, 12467, 18615, 19262,
10693, 12741, 13125, 19397, 10823, 15815, 17095, 18891, 12878, 19664, 11219, 10196,
13140, 11360, 17379, 12774, 18278, 15084, 12015, 10357, 14967, 19066, 12923, 11004,
13180, 18300, 17790, 14289, 18295, 10696, 16137, 15882, 17195, 14864, 17072, 15272,
15049, 19577, 12482, 10323, 11508, 13365, 18341, 11431, 18538, 19946, 10284, 11918,
16062, 19200, 12450, 11267, 19011, 12228, 14184, 17321, 19759, 17073, 18385, 14483,
12343, 13207, 11545, 10460, 10493, 18205, 13374, 14271, 14848, 15394, 12803, 15956,
14616, 11737, 17609, 10554, 193, 786, 4002, 8083, 8531, 8197, 775, 8392,
3660, 9359, 9631, 16528, 2563, 8020, 12889, 236, 6434, 767, 2927, 11855,
3680, 2373, 5893, 5367, 5719, 3611, 4012, 7308, 1821, 6078, 1909, 5830,
1127, 1246, 11929, 12573, 254, 9664, 9923, 9956, 7531, 3341, 5133, 3503,
7407, 8847, 2129, 5553, 7377, 3218, 3187, 244, 2039, 5207, 7384, 3003,
7132, 7645, 9598, 415, 6879, 9827, 7653, 4726, 10809, 2798, 6094, 6912,
6976, 3267, 5059, 6922, 4747, 7280, 1267, 5012, 5142, 1304, 7066, 5756,
9660, 9758, 976, 3555, 7796, 1046, 1752, 1434, 5723, 8043, 7948, 3966,
8638, 2274, 3398, 4647, 8615, 5385, 8713, 4011, 6859, 5550, 5424, 4181,
4923, 6430, 16256, 11269, 12295, 16394, 14731, 10764, 17804, 14996, 10773, 14743,
13850, 16539, 18721, 10148, 10022, 19496, 10541, 17453, 14894, 12597, 18742, 11319,
13239, 15159, 15673, 16445, 11335, 18503, 10952, 12488, 10188, 14032, 12882, 16978,
18259, 10068, 11481, 14938, 18395, 12892, 14684, 15197, 15710, 14433, 14947, 18147,
10213, 15077, 17511, 13032, 10985, 18793, 14573, 17646, 12794, 12796, 6464, 8066,
7558, 5003, 1868, 1871, 4499, 85, 4949, 4630, 1175, 9496, 1180, 8029,
2590, 4576, 5922, 7397, 49, 5617, 7857, 3450, 2811, 5372, 8636, 5119,
1024, 1026, 1028, 1029, 6, 1031, 1038, 1039, 1040, 1041, 19, 1043,
22, 24, 1048, 1052, 29, 1054, 33, 1057, 34, 1059, 36, 1060,
38, 39, 40, 1065, 43, 44, 1070, 47, 48, 1079, 1080, 1082,
59, 61, 66, 1090, 70, 72, 1098, 1100, 77, 1101, 1102, 1107,
1110, 87, 88, 89, 1113, 90, 91, 92, 93, 95, 1120, 99,
102, 1130, 107, 108, 111, 1135, 112, 115, 1140, 118, 1143, 121,
1145, 123, 1148, 1149, 127, 1152, 131, 1155, 1156, 133, 134, 1158,
135, 1161, 138, 140, 1165, 1166, 1168, 1169, 1172, 1174, 151, 153,
1178, 1182, 164, 171, 172, 173, 1197, 1199, 1200, 1201, 179, 1203,
1205, 1207, 187, 1213, 193, 197, 199, 1224, 1228, 205, 1229, 206,
210, 1237, 1239, 1240, 1241, 219, 223, 1248, 1251, 231, 234, 236,
1260, 237, 238, 239, 1263, 243, 1268, 1269, 246, 1274, 1275, 1276,
253, 1277, 254, 1278, 1279, 257, 1281, 258, 1282, 261, 1290, 269,
273, 1299, 1303, 1309, 1310, 288, 1313, 292, 294, 1320, 300, 1324,
301, 1325, 303, 305, 307, 1331, 1336, 314, 1338, 1340, 1347, 324,
1350, 328, 329, 1357, 336, 338, 1366, 343, 344, 1373, 351, 352,
353, 1377, 355, 1382, 1384, 1387, 364, 367, 1393, 1399, 1400, 377,
378, 1402, 380, 1405, 383, 1407, 1409, 1410, 1412, 389, 391, 1415,
392, 393, 394, 1418, 1420, 1421, 398, 1422, 399, 1424, 1425, 1426,
403, 404, 405, 1432, 1433, 413, 416, 1440, 418, 1442, 420, 422,
424, 425, 433, 437, 1461, 438, 1462, 441, 1465, 1470, 1473, 453,
454, 1481, 1482, 1484, 461, 462, 465, 1490, 467, 1491, 473, 475,
480, 481, 485, 486, 487, 491, 496, 497, 499, 500, 503, 517,
525, 529, 531, 538, 539, 543, 544, 547, 548, 549, 554, 558,
560, 566, 569, 570, 573, 575, 576, 581, 585, 590, 593, 594,
598, 608, 610, 611, 612, 619, 620, 621, 622, 623, 629, 632,
638, 645, 646, 647, 649, 650, 655, 656, 657, 658, 662, 666,
668, 674, 676, 681, 685, 687, 694, 700, 701, 703, 710, 722,
733, 735, 736, 737, 738, 749, 758, 765, 767, 768, 771, 773,
775, 778, 783, 786, 787, 788, 792, 793, 795, 798, 802, 804,
805, 811, 816, 817, 822, 825, 834, 836, 848, 856, 858, 863,
869, 872, 873, 875, 876, 884, 887, 889, 891, 897, 900, 903,
911, 917, 918, 920, 924, 926, 935, 936, 937, 941, 943, 951,
968, 971, 973, 974, 975, 984, 985, 994, 996, 998, 999, 1001,
1007, 1017, 1019, 11744, 19297, 17282, 16964, 11877, 13446, 13638, 11464, 19402,
16845, 19149, 12176, 16368, 13394, 12563, 11636, 13592, 14680, 15897, 14843, 15552,
16481, 15683, 16515, 10278, 14758, 16070, 11057, 14513, 10738, 12946, 18678, 10775,
19799, 13788, 11133, 14333, 12991, 16447, 13377, 16067, 10950, 17542, 19274, 17101,
15694, 15184, 10897, 19665, 15826, 18646, 17560, 14939, 12253, 13473, 12132, 15396,
18148, 12072, 12137, 18091, 16044, 10925, 12397, 15856, 16048, 17522, 16755, 14388,
13624, 11898, 11324, 15229, 11390, 16446, 800, 1670, 412, 7404, 3278, 5918,
7550, 7790, 13698, 16002, 19206, 11656, 12683, 15499, 14990, 12175, 10512, 13456,
12049, 13075, 11286, 19224, 14617, 19996, 14237, 16926, 18983, 19753, 12202, 18218,
11947, 16811, 12589, 12080, 17456, 18870, 15671, 11704, 16826, 12219, 17724, 12989,
17854, 17983, 10432, 15680, 12225, 12226, 18114, 18505, 18762, 16460, 17744, 19281,
15570, 12115, 18389, 19925, 19928, 18015, 18016, 19553, 12389, 16230, 19433, 18155,
17644, 16493, 19822, 10223, 12147, 14325, 10614, 10744, 14074, 16634, 12411, 10364,
14334, 15614, 14160, 19568, 14711, 13257, 10478, 13678, 11183, 18145, 13572, 18693,
15718, 16231, 18248, 14921, 11659, 18095, 16144, 18864, 12561, 13969, 10386, 10802,
13715, 12532, 12213, 18166, 19320, 11163, 15486, 19230, 19966, 17024, 10884, 14852,
12166, 13703, 11145, 13196, 14478, 19986, 16663, 16921, 10399, 10911, 17055, 18596,
13222, 10281, 12969, 14249, 14889, 13867, 13485, 14381, 18478, 15536, 17329, 18358,
12472, 13880, 14008, 17723, 15295, 17343, 19263, 11969, 10435, 14537, 19275, 10190,
11087, 12626, 10709, 12118, 15702, 13143, 10330, 16989, 15839, 10336, 10337, 12514,
16226, 16866, 13414, 13801, 12787, 11124, 17911, 16379, 8145, 5789, 16673, 11522,
18724, 13206, 13528, 5194, 19563, 12558, 13534, 9856, 7233, 3906, 5058, 7938,
1027, 8838, 200, 2441, 7179, 7435, 1932, 2702, 1551, 2959, 7952, 7697,
7826, 1749, 3414, 923, 9501, 9375, 1633, 354, 7331, 5994, 1132, 4333,
1838, 7282, 7160, 7545, 2301, 9597, 766, 4350, 2687, 10338, 10866, 10468,
10245, 19269, 18006, 10441, 10202, 13738, 19791, 15873, 19971, 14596, 18694, 13838,
18454, 19225, 16415, 10790, 11051, 17963, 18733, 18736, 17714, 17971, 10548, 10299,
10557, 15421, 11077, 12101, 10567, 19785, 17482, 11602, 13907, 12631, 15451, 19292,
18270, 10591, 19045, 17254, 10599, 15720, 10349, 13677, 11118, 11375, 18548, 10358,
15478, 18040, 14203, 15997, 10368, 16773, 14473, 16015, 19087, 11152, 18320, 14993,
15761, 11155, 19610, 16544, 17568, 18081, 17316, 16807, 12714, 13484, 19633, 10424,
16314, 18625, 11203, 18629, 19912, 16585, 18377, 11979, 19915, 18380, 16335, 19407,
15825, 11218, 12755, 13012, 11223, 12759, 18647, 17624, 16606, 10208, 14058, 17642,
19434, 12524, 12780, 13292, 15596, 12781, 16625, 15602, 13556, 14583, 16635, 10238,
12286, 3201, 9859, 4294, 9352, 5321, 5390, 4498, 3348, 9876, 8917, 9941,
8215, 4313, 4761, 3610, 9052, 9373, 1568, 8736, 9888, 3041, 6946, 3811,
9123, 6949, 3240, 5610, 6251, 4720, 8242, 9139, 3828, 8372, 4279, 5239,
9015, 8824, 3838, 9283, 4677, 3495, 7368, 9832, 2505, 6347, 5101, 9005,
1105, 6769, 8306, 8179, 6356, 6772, 8756, 9012, 1144, 1912, 9691, 2748,
4348, 8446, 6082, 7970, 8389, 7014, 1181, 10355, 12475, 3777, 5681, 3730,
9126, 2252, 3932, 7969, 5557, 7322, 6507, 5825, 969, 17876, 12277, 19782,
19867, 18957, 3457, 8705, 8642, 1989, 5510, 9607, 9098, 2827, 7627, 7123,
3288, 7833, 6750, 2975, 4447, 4448, 6817, 5154, 484, 5924, 4134, 6825,
8044, 6829, 7539, 8825, 1599, 8703, 7891, 7686, 17666, 18759, 12365, 14861,
12624, 18704, 13588, 13014, 19223, 12888, 10138, 17692, 16994, 12518, 11559, 15657,
13291, 15531, 18859, 19117, 16942, 17201, 13811, 12084, 16189, 16893, 8516, 5773,
6658, 4103, 7943, 8200, 4374, 8472, 7449, 5658, 7453, 8478, 7720, 5162,
2603, 7980, 3118, 8239, 7216, 5427, 8503, 6456, 9016, 5177, 5434, 2372,
3140, 2885, 9031, 2633, 3914, 2379, 2635, 2893, 7245, 8525, 3412, 3416,
3673, 4698, 8795, 5724, 4706, 5478, 5993, 2926, 9582, 7536, 7799, 8313,
8316, 7037, 1408, 3712, 7552, 9344, 4227, 6532, 6024, 142, 5780, 6804,
7829, 7318, 2716, 7328, 417, 9122, 5539, 8099, 8611, 165, 3750, 3239,
4264, 8877, 9901, 9902, 7856, 5298, 1972, 5045, 950, 4286, 9922, 8133,
3015, 4040, 5320, 5577, 9161, 3018, 211, 3539, 6611, 7636, 9173, 9435,
220, 1500, 6364, 989, 7136, 9184, 8161, 7138, 3299, 2532, 9446, 7399,
4074, 6122, 3819, 2284, 5100, 9196, 8685, 495, 3311, 501, 757, 7158,
7414, 5879, 7674, 7677, 4607, 6128, 2776, 5775, 4049, 9873, 1858, 2067,
2115, 9013, 4170, 8606, 8734, 3615, 1536, 9216, 9473, 9985, 5378, 9730,
4100, 2566, 3081, 3337, 9228, 7693, 5646, 6670, 7950, 785, 2066, 8724,
5144, 9497, 6938, 5660, 7457, 3107, 3878, 5415, 8231, 7721, 1322, 2860,
5676, 6957, 46, 6958, 9006, 6959, 2352, 5937, 3891, 3125, 9527, 3640,
4152, 9784, 6205, 9789, 8510, 5695, 8767, 7746, 8003, 9285, 3912, 9801,
2636, 2381, 5966, 7504, 5201, 8017, 7507, 5717, 8279, 7514, 7772, 2656,
3169, 7265, 9826, 3428, 9061, 8551, 3432, 3178, 7791, 3952, 1398, 5495,
3448, 8312, 9851, 7805, 1662, 3198, 3454, 8318, 130, 1667, 5507, 8067,
3463, 6023, 5769, 7566, 7056, 8592, 9874, 1941, 7321, 4250, 6555, 8349,
160, 6048, 161, 2722, 7843, 5798, 7336, 4782, 4784, 6832, 8370, 5046,
4791, 6583, 9913, 6074, 3005, 3262, 5566, 6334, 9919, 4802, 3012, 6084,
6340, 7109, 8645, 198, 3014, 9159, 2248, 9160, 5065, 8137, 8905, 9676,
6349, 1998, 2770, 5587, 7381, 6102, 8662, 6103, 9687, 8152, 7644, 1757,
6109, 9181, 8670, 1760, 4577, 9442, 995, 4579, 5604, 7396, 8165, 3302,
4072, 7915, 5356, 4077, 4078, 8174, 6895, 1270, 6390, 1271, 7928, 8952,
250, 8442, 9212, 1021, 5712, 3028, 8663, 5002, 1051, 3659, 7707, 4415,
17792, 11713, 14210, 12997, 18309, 19270, 13639, 17288, 17928, 16969, 15438, 12239,
12625, 19154, 10579, 18579, 14933, 14940, 17821, 11359, 17824, 10914, 16551, 13931,
13036, 11438, 13425, 15729, 16372, 11575, 17021, 19261, 17534, 2432, 4096, 2433,
11649, 1986, 2244, 7684, 15044, 15364, 9926, 9990, 14214, 6855, 8904, 5643,
2829, 5581, 8397, 17934, 5839, 7248, 1427, 8468, 1623, 6556, 4573, 9953,
6439, 7786, 11572, 5493, 14776, 4538, 10365, 9854, 19710, 15188, 17932, 17408,
18433, 13315, 16388, 12294, 13319, 14344, 10765, 15888, 19985, 19997, 14878, 12832,
16928, 10786, 13864, 14888, 11819, 10799, 11824, 18994, 14387, 12340, 16948, 15926,
11322, 19002, 13883, 12861, 12350, 16961, 14406, 15432, 12363, 10829, 11853, 14413,
12881, 17489, 10841, 10842, 14426, 12379, 14427, 19547, 19037, 17502, 12898, 19558,
15464, 13423, 13433, 11900, 11902, 13950, 11392, 13954, 16008, 14474, 14475, 14987,
18577, 12954, 12444, 16029, 19620, 12453, 12454, 13478, 19111, 12968, 10921, 15022,
14001, 11443, 14515, 12468, 15541, 17590, 10939, 10428, 18111, 11456, 14528, 17088,
13505, 10946, 14022, 16074, 17100, 10957, 10958, 10965, 14042, 19679, 16609, 13540,
11494, 13549, 11503, 14581, 17656, 16633, 19202, 12548, 17156, 15109, 13577, 11530,
12042, 17162, 19722, 11024, 17172, 15639, 17688, 13596, 11043, 19747, 17190, 11047,
14631, 17703, 11562, 17706, 11565, 17710, 14640, 13617, 14641, 17713, 17202, 15156,
10551, 11580, 17214, 18750, 16704, 10055, 13127, 15176, 17740, 19276, 16209, 11094,
17239, 13145, 14681, 16729, 18777, 16731, 12641, 15201, 19300, 13669, 15717, 12134,
17255, 16749, 12659, 14713, 12666, 16254, 12671, 15232, 14722, 15235, 17283, 17284,
12678, 19846, 12680, 15245, 16278, 11672, 19864, 14233, 15769, 14241, 17314, 16291,
17315, 12711, 11179, 12716, 14252, 17324, 12718, 17327, 12209, 12210, 19890, 17844,
18357, 11193, 18873, 16832, 10177, 13761, 10178, 12227, 18371, 10697, 16842, 14283,
11726, 10704, 10193, 14810, 16858, 11739, 15835, 16870, 10215, 16361, 19438, 19952,
19441, 16374, 17913, 18940, 10751, 15871, 13216, 15075, 17189, 17062, 18633, 10154,
15532, 11374, 13104, 16049, 12627, 19220, 11317, 16757, 10042, 10874, 8220, 11420,
13884, 17404, 17916, 3586, 6540, 13, 1423, 3088, 3345, 3475, 8339, 8085,
8725, 664, 4376, 281, 3993, 4890, 9115, 8605, 5407, 7968, 35, 9635,
5925, 6950, 552, 5161, 6189, 8621, 9134, 5935, 5041, 1330, 4533, 1334,
4155, 6203, 5692, 2493, 8898, 1605, 1735, 3527, 8648, 4561, 7121, 9681,
5458, 6867, 6612, 4694, 1367, 5079, 8024, 9817, 9307, 1378, 9698, 6629,
7781, 5095, 104, 488, 1129, 8171, 492, 3696, 5745, 7795, 8308, 502,
9082, 9850, 507, 6012, 2685, 2175, 7167, 2849, 9230, 11347, 18134, 15751,
13610, 12748, 13181, 13231, 14527, 6290, 1114, 541, 1823, 11489, 11921, 12673,
13521, 13027, 13699, 17955, 17333, 13286, 11207, 11303, 13067, 3418, 8015, 17856,
13249, 17335, 18634, 18971, 15566, 1553, 7989, 4758, 2049, 8450, 4356, 6405,
5134, 2063, 5135, 6673, 9234, 8469, 3607, 5913, 6939, 4381, 8226, 9764,
3112, 6699, 8747, 9516, 4910, 5166, 3631, 5938, 3637, 9274, 6972, 3651,
9539, 580, 6214, 9032, 6473, 4938, 5708, 4946, 3925, 5721, 4954, 1117,
2654, 2399, 9568, 8545, 9572, 613, 8553, 8809, 366, 3695, 6000, 6517,
9333, 1910, 3704, 4472, 4729, 1147, 9340, 7048, 4234, 7055, 4241, 7313,
7569, 4243, 7827, 8855, 4507, 2972, 7326, 3233, 2978, 6050, 9382, 7591,
8362, 2988, 7598, 6834, 8627, 5300, 6326, 5818, 6845, 5567, 6339, 9667,
5060, 7620, 4808, 9417, 6090, 203, 5835, 5326, 8400, 5331, 212, 9428,
9429, 9944, 5338, 5084, 6878, 3040, 6625, 3298, 739, 4067, 9443, 2788,
229, 1511, 9192, 4842, 4331, 7661, 6382, 6130, 4085, 7669, 8694, 9975,
7676, 8445, 14435, 16820, 18741, 18198, 11009, 17414, 14089, 13068, 17164, 19469,
10254, 14350, 18190, 11283, 14356, 18196, 18708, 17943, 15385, 19738, 11547, 15900,
14877, 15133, 13601, 13602, 10019, 14628, 18212, 12841, 17962, 11820, 13612, 15918,
12079, 14127, 15408, 15921, 12850, 16436, 11062, 17719, 12601, 12858, 14906, 12859,
17980, 12862, 15423, 15679, 19264, 17218, 13124, 12874, 15946, 19531, 18254, 10319,
11088, 14424, 17496, 15961, 17241, 18522, 18267, 13404, 16988, 10847, 12383, 17247,
17760, 16225, 13154, 18531, 11620, 12644, 16229, 17765, 18791, 19304, 11113, 14187,
19819, 18284, 12141, 11376, 14448, 16496, 14706, 13171, 11380, 10870, 18038, 12663,
12665, 12924, 12925, 18301, 12927, 12419, 18307, 12933, 14213, 10632, 10888, 17801,
12429, 19597, 12942, 14734, 16782, 12688, 12177, 12945, 14481, 17553, 16530, 15507,
14228, 12184, 18328, 10393, 11167, 14496, 19104, 11937, 17826, 18595, 11686, 10407,
10919, 13224, 14250, 13483, 17582, 13749, 18869, 10678, 17593, 19898, 19131, 10173,
15037, 16317, 18365, 11455, 13759, 18367, 10690, 13251, 19651, 12229, 11206, 14280,
16840, 10699, 12237, 15053, 10702, 16594, 12244, 14036, 11733, 19415, 12760, 13272,
15577, 12765, 19425, 15843, 16867, 10724, 10980, 15846, 19174, 19942, 13800, 10474,
14574, 14831, 17649, 17905, 13300, 17908, 15607, 14329, 15102, 4225, 15937, 7428,
3653, 6213, 10565, 4358, 9544, 77, 12879, 6864, 9680, 14033, 2259, 18963,
10708, 14044, 10077, 2724, 8421, 3942, 13927, 3496, 7659, 6190, 1969, 3569,
14193, 11570, 19828, 16949, 5625, 19449, 1338, 15165, 11812, 3815, 8903, 16967,
12936, 16297, 9322, 15914, 4463, 2320, 3953, 4023, 16795, 10333, 4767, 12255,
5716, 9657, 3426, 16738, 10051, 11748, 18884, 19432, 4841, 7851, 18220, 2190,
18383, 2707, 19251, 2101, 7959, 7678, 13022, 6851, 4805, 5638, 6918, 2122,
4875, 3156, 5588, 8278, 4695, 8025, 1243, 1883, 2915, 3753, 1834, 299,
2795, 45, 2669, 5293, 5934, 6639, 2744, 5051, 3263, 13568, 17409, 11398,
10503, 15111, 12811, 13835, 14091, 16907, 10127, 13585, 18194, 18323, 16021, 19221,
18838, 12695, 17304, 19608, 11417, 11930, 15130, 16412, 17948, 12189, 17693, 14368,
14882, 15906, 16802, 11428, 17188, 18468, 10789, 11560, 10026, 11178, 18346, 14384,
10801, 13106, 17845, 13878, 18103, 17464, 18233, 16827, 14268, 17604, 16581, 17862,
16455, 19657, 13642, 10059, 15948, 18899, 11732, 15191, 12504, 19416, 13659, 11231,
19041, 15332, 18660, 16487, 13160, 11242, 13034, 17387, 11245, 10735, 12656, 15088,
11506, 17523, 12916, 14453, 10871, 12407, 15863, 11128, 11769, 17403, 18683, 16764,
15230, 15105, 13442, 16518, 19080, 17034, 19211, 11789, 19470, 18065, 17811, 10774,
16407, 17687, 15519, 19231, 13985, 14245, 17191, 12074, 18986, 13099, 19629, 18734,
18865, 12854, 16699, 17596, 14781, 14398, 12098, 13122, 17991, 12616, 15562, 19659,
10192, 10320, 13648, 12883, 15061, 14678, 18139, 10464, 10979, 14565, 14312, 15849,
12272, 18294, 10617, 19833, 11514, 14461, 18177, 18183, 17738, 13517, 18317, 13518,
15376, 18705, 18706, 17235, 17491, 17236, 15574, 13655, 18903, 17176, 15386, 13595,
13532, 19101, 11998, 16862, 17054, 11425, 13346, 14306, 18213, 13736, 12009, 19049,
10538, 17707, 13804, 12334, 16238, 17519, 13169, 15090, 15538, 18483, 15732, 10102,
12984, 11645, 18687, 16385, 18689, 19139, 11976, 14664, 10634, 18890, 10892, 17613,
10830, 11791, 17103, 10385, 13650, 19538, 12564, 15317, 16790, 12887, 13400, 15705,
13978, 18714, 11487, 10404, 11365, 13861, 16104, 17132, 18668, 13550, 13487, 15215,
19695, 12400, 17139, 14836, 17526, 13495, 19448, 19129, 12539, 17532, 16126, 5288,
748, 4892, 4110, 2306, 8194, 9218, 8579, 8841, 4364, 8461, 8080, 5651,
3349, 8342, 5783, 3354, 1949, 3871, 8868, 677, 5669, 2090, 8496, 7602,
692, 2613, 8252, 6463, 6209, 4678, 1863, 4558, 5199, 7759, 8783, 6224,
3794, 8787, 2260, 8021, 6231, 2650, 4955, 7003, 9437, 8163, 2020, 1893,
3047, 7144, 6378, 8302, 3823, 6773, 5110, 120, 2682, 1660, 639, 16736,
12321, 14770, 19955, 12869, 15286, 16968, 2939, 13538, 14530, 13891, 13780, 12566,
15192, 14745, 14092, 14638, 12271, 14704, 18850, 17635, 18359, 13992, 14217, 16761,
14299, 15046, 12746, 19596, 11790, 19536, 14355, 10069, 15958, 19670, 19862, 10263,
13018, 18138, 13275, 15903, 16099, 12712, 10414, 17839, 18928, 12338, 16760, 17592,
10683, 14780, 16035, 12584, 11114, 11466, 16203, 13900, 14732, 15660, 14925, 11182,
11248, 15281, 13586, 12374, 13750, 16311, 10489, 15097, 11772, 14844, 12990, 18239,
19455, 2597, 1257, 5034, 76, 6605, 8625, 9332, 8890, 8923, 7741, 158,
5534, 8319, 16000, 18849, 16066, 11651, 17028, 15782, 16198, 19911, 17451, 17198,
17039, 18255, 10736, 16373, 19701, 14169, 15801, 12094, 18179, 19331, 19715, 17480,
19977, 16522, 18698, 17745, 19030, 19798, 18775, 17884, 18077, 19933, 16927, 15968,
16672, 19872, 18533, 19622, 19239, 18216, 18923, 15788, 19440, 19378, 19259, 16894,
3905, 9025, 8772, 1674, 3338, 3530, 908, 5069, 2894, 8463, 6099, 6358,
2327, 4632, 3737, 3163, 1952, 4256, 9890, 6121, 618, 9450, 4780, 5548,
9327, 1265, 5105, 4658, 8115, 756, 2804, 2489, 2617, 7548, 8188, 3133,
1585, 774, 7564, 8147, 7020, 2240, 9729, 8770, 3715, 2756, 8582, 4423,
8074, 9747, 3029, 5718, 215, 2775, 2589, 7901, 7774, 8992, 4516, 6372,
3943, 4583, 7527, 3177, 8681, 298, 3180, 8173, 3189, 7606, 8184, 2105,
1595, 9788, 9430, 919, 7380, 8358, 1264, 9573, 7416, 1772, 2688, 3904,
8513, 7618, 8711, 1545, 3273, 9931, 12, 8844, 4174, 9616, 9936, 5589,
23, 1047, 3736, 9753, 990, 3235, 6756, 2854, 8422, 4136, 9066, 4139,
5099, 7537, 9842, 4916, 9277, 10577, 19377, 10354, 15458, 13285, 11144, 13912,
11066, 12364, 13821, 17246, 17950, 18242, 19219, 19765, 17718, 11452, 14493, 16557,
17758, 10543, 1792, 6690, 9700, 1733, 9701, 1542, 9897, 266, 2322, 9811,
4564, 7476, 4309, 7543, 7837, 1022, 959, 259, 1283, 4355, 4614, 6152,
267, 1035, 1036, 9996, 4367, 4369, 4881, 6930, 7186, 2579, 1045, 280,
8985, 6683, 6684, 7965, 4640, 8993, 2598, 295, 9770, 2861, 5936, 2865,
9777, 7988, 6199, 8762, 2364, 7236, 3915, 5964, 5967, 2641, 5714, 7515,
8030, 2402, 3684, 6762, 1390, 7284, 2934, 3959, 6263, 8571, 124, 1917,
2431, 2950, 2183, 5000, 2700, 5516, 4750, 3728, 5264, 9362, 6036, 6038,
5527, 3487, 8096, 1953, 7073, 5794, 4771, 5543, 8107, 5294, 8366, 2225,
6322, 4788, 2231, 8888, 9404, 6333, 6846, 3519, 7872, 5570, 7362, 707,
6854, 6861, 7375, 466, 7642, 4059, 8158, 1247, 993, 3556, 6380, 7665,
8689, 245, 1529, 7419, 7931, 3327, 15556, 13845, 13640, 12205, 15488, 17895,
17784, 14123, 17741, 17885, 14222, 16575, 16514, 17027, 18723, 14692, 15558, 16973,
15983, 18959, 18737, 12914, 18162, 10164, 18452, 13879, 11129, 16185, 19322, 19802,
16510, 11679, 15615, 1225, 2671, 2803, 1589, 7240, 6642, 1189, 4101, 8438,
8584, 7002, 15296, 15905, 19302, 16552, 17086, 17667, 14054, 13511, 16140, 14957,
18415, 12401, 17233, 11122, 14546, 15289, 14490, 16090, 17311, 2609, 9738, 9725,
9951, 19699, 10534, 11865, 17641, 12251, 18811, 12806, 18951, 18953, 13834, 11275,
16398, 10255, 13839, 16912, 18962, 12310, 13847, 13849, 12827, 16414, 11300, 12836,
13349, 19495, 12328, 12840, 11309, 14383, 12849, 10803, 11315, 10804, 14389, 14901,
16437, 16438, 14391, 11320, 19513, 11834, 19004, 14910, 17472, 10819, 14408, 13385,
16458, 18509, 14930, 10839, 11863, 12377, 12378, 12890, 13917, 19038, 14943, 15456,
10849, 18017, 19554, 11876, 16484, 10342, 14950, 15974, 17510, 14955, 15467, 14445,
19053, 15985, 12403, 12915, 14452, 14964, 18549, 17015, 19067, 11901, 15487, 17023,
19586, 13443, 16004, 13958, 16006, 10375, 10376, 14985, 15497, 12938, 16524, 18575,
10896, 19601, 15508, 17044, 13462, 13976, 16028, 17565, 10912, 18594, 13475, 10412,
10926, 18094, 13488, 19120, 10929, 12977, 18097, 19122, 15542, 17080, 18105, 10427,
15547, 18110, 15553, 10949, 19142, 18121, 10442, 16588, 12493, 15058, 18642, 13523,
17620, 11479, 11992, 16088, 11993, 10971, 12507, 17627, 14556, 14566, 12007, 13031,
15592, 13545, 17129, 16108, 11501, 18157, 12017, 10995, 13043, 15603, 18676, 19702,
15609, 16122, 12540, 10494, 14079, 13569, 19201, 14594, 15619, 19205, 11018, 19725,
14606, 15630, 10003, 15636, 11541, 16149, 19733, 14103, 15640, 10521, 12060, 13086,
10527, 13599, 11040, 14624, 15648, 19744, 14117, 15655, 16679, 18215, 13609, 15146,
10027, 15663, 10034, 16690, 19762, 11061, 13110, 14135, 11577, 14138, 17212, 14141,
18749, 12606, 13630, 10047, 13121, 13633, 17224, 14666, 14156, 16717, 12622, 13654,
16726, 15196, 13150, 17249, 10090, 14698, 11628, 16748, 19820, 17261, 14190, 16750,
11120, 12657, 15218, 10611, 18803, 11637, 18293, 12153, 14201, 15225, 19321, 13690,
19834, 16251, 12156, 14205, 10110, 10622, 12159, 15231, 13189, 14727, 12681, 19851,
16780, 10637, 17807, 15250, 10643, 13205, 17814, 14234, 18842, 11164, 19356, 11165,
17823, 13728, 18848, 12197, 19877, 12199, 13735, 19369, 18860, 10670, 12720, 16305,
10163, 13235, 14261, 10166, 18872, 10171, 10684, 17340, 14270, 13247, 16841, 19401,
13770, 15306, 19404, 13778, 15829, 17365, 10199, 15322, 12767, 17375, 18399, 17888,
18402, 19940, 17893, 19945, 11755, 14829, 17902, 10224, 11760, 16369, 10226, 16370,
12279, 15352, 16377, 18937, 14842, 10750, 10496, 17521, 12596, 10645, 16710, 16743,
18039, 10552, 15498, 16013, 16863, 18703, 2408, 4104, 7050, 3840, 8832, 1671,
1416, 7562, 6156, 8076, 9356, 9485, 2964, 9879, 1436, 9761, 2989, 2222,
4143, 6323, 6966, 8887, 4665, 698, 7738, 2107, 9787, 7740, 7102, 9791,
2502, 967, 1354, 1358, 5454, 1362, 9299, 6363, 4828, 2401, 4578, 9186,
8934, 9325, 2415, 3570, 8434, 4340, 2293, 8949, 2554, 6138, 3967, 12752,
14080, 12402, 17026, 12019, 15699, 15237, 17448, 17805, 18560, 17094, 18312, 18760,
17481, 15563, 16844, 19277, 19853, 13524, 13844, 16212, 18644, 18391, 15000, 15704,
10585, 17817, 13083, 15452, 18014, 18143, 16800, 19299, 14116, 16166, 19687, 10282,
18667, 14444, 12142, 19503, 12592, 11313, 13105, 18545, 13874, 17650, 14580, 11963,
13371, 15995, 15933, 18429, 13246, 17407, 929, 9089, 9217, 1636, 9604, 7303,
9383, 5128, 5801, 6057, 9929, 2314, 2730, 1163, 7443, 7731, 8499, 2295,
4344, 5979, 7228, 9407, 9792, 1092, 3429, 4405, 1159, 2919, 2376, 6840,
3257, 9658, 6299, 1679, 10752, 17158, 14604, 15629, 13071, 16918, 12823, 12571,
19485, 19234, 14884, 12581, 12582, 19752, 14893, 19246, 17200, 19760, 14385, 12595,
16442, 19258, 17211, 10301, 17725, 11073, 19777, 13634, 19523, 18244, 18758, 19527,
14158, 19022, 10575, 19279, 16466, 18516, 17237, 19542, 14167, 11352, 16476, 19549,
10079, 19042, 10339, 13923, 16227, 18019, 19811, 14180, 11878, 11626, 19818, 14699,
10604, 18035, 18291, 10100, 19061, 15992, 11897, 11642, 12667, 18556, 19836, 12415,
17791, 10881, 14209, 18306, 11142, 11910, 18310, 14730, 19341, 18062, 12178, 16786,
10388, 15509, 16533, 14998, 16537, 18330, 10139, 18589, 18335, 19616, 18593, 19105,
12194, 12706, 19618, 10403, 17317, 15526, 18599, 10665, 14762, 11437, 18350, 14512,
10421, 19125, 11702, 12473, 19642, 15035, 18363, 18881, 13250, 18883, 10694, 15814,
16327, 17863, 11977, 13513, 17865, 18636, 10959, 16848, 16086, 17114, 16347, 17116,
11486, 19938, 19179, 15340, 18412, 19692, 12526, 12782, 14830, 19182, 12530, 18677,
18422, 11000, 15613, 19345, 16597, 18150, 19113, 19146, 14701, 18304, 18053, 18822,
16909, 11919, 19217, 17682, 16659, 16923, 18331, 17057, 14887, 18471, 18088, 17454,
15924, 16182, 19382, 19256, 17977, 13626, 16957, 17601, 18241, 19778, 17859, 13896,
18512, 15445, 19541, 16982, 16857, 18398, 18912, 17378, 15716, 18404, 19556, 19430,
18279, 18408, 16873, 17769, 19178, 19690, 17775, 16753, 18034, 18930, 19314, 18679,
12025, 17660, 17406, 17919, 19327, 978, 9894, 8094, 2624, 1428, 9509, 6007,
8040, 5001, 7706, 9930, 12833, 19969, 15813, 15351, 18090, 15852, 19436, 13661,
13375, 15712, 10726, 16071, 19127, 12843, 15579, 19420, 14685, 17069, 15966, 13441,
14337, 15618, 17922, 10117, 15622, 12043, 14608, 16657, 18068, 13589, 18072, 10652,
13852, 10271, 18719, 16294, 13481, 16041, 13996, 18348, 13357, 16429, 11822, 17967,
19891, 19892, 19257, 19897, 18875, 17084, 14532, 14916, 18500, 13637, 19781, 10951,
19143, 12744, 11339, 16331, 15692, 14673, 19156, 16471, 17113, 13021, 12521, 17257,
18154, 19562, 10476, 11885, 19821, 15343, 18804, 16250, 17019, 19068, 13053, 15869,
17277, 18559, 19863, 12409, 17274, 18623, 4021, 1097, 2537, 954, 8234, 3741,
3791, 9264, 644, 5956, 8424, 809, 4087, 1849, 1758, 7711, 14256, 13509,
10857, 16617, 12315, 14523, 19325, 14880, 19458, 12549, 18501, 11622, 15014, 16999,
18375, 12299, 11884, 15373, 11598, 11764, 17140, 15637, 15479, 17303, 17145, 14618,
19835, 10719, 64, 9121, 4687, 7683, 9731, 8199, 5640, 9226, 2572, 8204,
2573, 2062, 533, 7189, 6680, 1561, 26, 27, 2588, 6172, 7196, 9245,
3614, 8223, 9759, 32, 4131, 2086, 3622, 3628, 9774, 4655, 3632, 3126,
8246, 1591, 2103, 2616, 8250, 9275, 1596, 6716, 6717, 2113, 7745, 7237,
3657, 589, 7247, 4688, 6739, 2132, 2644, 599, 2647, 4184, 9816, 4185,
4699, 7259, 6748, 9822, 607, 8800, 3681, 3682, 4194, 7266, 2147, 3171,
9315, 5222, 9318, 7783, 616, 3689, 5228, 3184, 113, 2161, 5747, 9331,
4212, 2165, 2170, 2171, 2683, 2684, 641, 7809, 642, 1668, 4741, 3206,
7302, 8326, 6280, 8328, 7305, 7306, 5771, 9355, 8848, 4756, 7317, 150,
6295, 665, 2201, 5788, 7325, 8862, 1186, 9378, 4260, 4773, 2726, 2728,
3752, 683, 4779, 3756, 5292, 8364, 2735, 4783, 689, 3250, 8883, 8884,
4790, 8374, 3767, 4280, 8889, 4796, 3773, 4285, 4797, 5823, 8385, 1730,
4292, 7364, 5317, 7366, 6345, 8394, 1739, 717, 5841, 1234, 6866, 8402,
1235, 8403, 724, 3798, 8920, 1242, 1754, 3290, 2779, 3294, 6366, 9950,
2783, 9444, 6373, 7912, 2793, 235, 4843, 5867, 4845, 9965, 9454, 751,
1775, 9455, 1776, 5364, 6900, 4342, 1272, 3320, 3832, 5884, 3325, 6399,
4352, 5376, 5890, 4868, 2309, 4872, 1802, 2317, 782, 272, 1296, 1809,
7955, 9491, 8980, 2325, 2838, 3863, 8984, 4889, 5401, 1306, 6941, 4898,
291, 1315, 2339, 3875, 9507, 4391, 4392, 6441, 6443, 7467, 4397, 5933,
9518, 6960, 7984, 7985, 2866, 2355, 5941, 8502, 311, 3383, 9017, 7483,
316, 3390, 5440, 8001, 8514, 3908, 5958, 5447, 2377, 1869, 3406, 1359,
3407, 6482, 1875, 5973, 1368, 2904, 4953, 2908, 3420, 1885, 8541, 1886,
2912, 5985, 356, 357, 3434, 6506, 3436, 9072, 5489, 7538, 9075, 4981,
1911, 4985, 4474, 6523, 1916, 2428, 4990, 6016, 5505, 902, 5512, 4489,
8585, 907, 9101, 9614, 1935, 2961, 915, 7571, 2966, 7062, 2456, 4504,
5016, 6041, 3995, 925, 3485, 5535, 2465, 4001, 2467, 3491, 9124, 6566,
7078, 2471, 940, 9132, 430, 942, 4526, 5040, 5042, 6066, 3511, 5049,
445, 8125, 2494, 1472, 7104, 3524, 8647, 4554, 2510, 5071, 4560, 6097,
2514, 7634, 7125, 4566, 2007, 7127, 1496, 2009, 8666, 2523, 7643, 7133,
6622, 8162, 5603, 7656, 5097, 490, 7146, 2028, 8172, 2029, 6125, 8687,
1008, 4081, 9201, 498, 1012, 3572, 2549, 7157, 9206, 1527, 3063, 7163,
16864, 18208, 13379, 16517, 18118, 13675, 15147, 17483, 17614, 17968, 18833, 19825,
15059, 19636, 19445, 18423, 18807, 17689, 19609, 13274, 16954, 19806, 13471, 11600,
16336, 19249, 17171, 11957, 13078, 18087, 15688, 11081, 15883, 13885, 19827, 18597,
18773, 19686, 10041, 15242, 17754, 18990, 15407, 18886, 13863, 18167, 19640, 17929,
16682, 14749, 15517, 18976, 17170, 15123, 10836, 19766, 13175, 10201, 16217, 11914,
18586, 15419, 15263, 1131, 8092, 992, 3488, 4385, 9091, 6694, 2027, 5710,
2914, 3443, 2902, 8038, 551, 1134, 10400, 10531, 14372, 18788, 10056, 16937,
17293, 19661, 18894, 19921, 17458, 14099, 16979, 14324, 18966, 12125, 19677, 18434,
10378, 14218, 16014, 15375, 14992, 18064, 13457, 17299, 10516, 13973, 15125, 17942,
11543, 13975, 17047, 10520, 17048, 18712, 15646, 17310, 19488, 18851, 13860, 16036,
19364, 15653, 16170, 10155, 11435, 13997, 16433, 13746, 15668, 12598, 16568, 16953,
15036, 19519, 14784, 10307, 17733, 18757, 11465, 18123, 10961, 13649, 16468, 18004,
15448, 16220, 11997, 14173, 15965, 15454, 10850, 12131, 17638, 18796, 17517, 18413,
17774, 15092, 15988, 14965, 10486, 13687, 17399, 18168, 14586, 15100, 13949, 16381,
14078, 17278, 19072, 16386, 11273, 15625, 17417, 12426, 13706, 10763, 15371, 10381,
19086, 13202, 17939, 11799, 12951, 14104, 10650, 16666, 12955, 10524, 17694, 13603,
15651, 15270, 10152, 14504, 12976, 19124, 19893, 19649, 10050, 14274, 18499, 14277,
13512, 15305, 15309, 17997, 13774, 15696, 15057, 17361, 12754, 15447, 11354, 16730,
16732, 17504, 14177, 15841, 19939, 14824, 16488, 18792, 10217, 10986, 13290, 16620,
17004, 16110, 16494, 16502, 11516, 12668, 11389, 11517, 15101, 18562, 17987, 19658,
14093, 15379, 19286, 16664, 14491, 11804, 17820, 15453, 13984, 17952, 12004, 12710,
14318, 15150, 16239, 10609, 19185, 13362, 10613, 11961, 13116, 12670, 11792, 19761,
12690, 15540, 13797, 11480, 18584, 11948, 16572, 19932, 10112, 18515, 11926, 16312,
19983, 10800, 12885, 19813, 16648, 14593, 16355, 11847, 19671, 14793, 19290, 11563,
899, 8707, 1413, 3078, 4102, 5894, 3336, 3464, 3984, 2065, 4882, 3604,
4766, 6947, 4132, 7204, 5927, 4776, 1451, 2220, 8876, 1328, 9520, 3889,
8882, 4149, 6330, 1598, 5954, 8008, 8782, 1616, 5461, 3286, 8406, 7255,
4187, 6494, 8287, 5605, 9702, 2923, 7147, 3437, 6126, 8558, 8047, 625,
6001, 370, 6645, 5623, 6519, 6649, 4220, 5629, 18466, 12035, 13734, 12236,
16556, 17772, 16915, 19763, 13908, 12149, 10872, 11384, 11800, 19162, 15996, 18430,
3731, 2937, 5837, 9855, 11984, 15587, 19029, 14614, 17880, 18217, 13818, 15212,
15426, 11587, 13059, 19267, 12996, 13382, 14543, 15567, 15695, 17809, 16467, 19347,
12820, 19669, 18137, 17883, 15518, 19422, 19680, 18018, 12966, 13289, 13417, 13803,
13100, 15980, 18988, 19310, 14895, 18800, 14129, 11698, 13427, 13301, 12599, 16247,
14072, 15417, 15546, 17275, 13692, 17598, 3425, 8643, 9413, 1766, 6440, 2666,
587, 2382, 8846, 7343, 8466, 2899, 3283, 8307, 180, 5236, 9175, 4442,
1756, 2526, 9297, 9155, 11904, 14081, 17025, 13571, 17415, 17032, 18440, 18441,
16650, 12427, 18060, 14607, 10515, 16020, 16279, 10777, 13214, 13855, 12451, 16420,
14503, 14634, 18730, 10411, 19119, 16691, 11705, 16825, 17081, 11706, 13499, 10045,
11327, 13888, 14144, 14656, 15809, 17217, 19906, 15811, 16584, 14155, 14795, 11086,
16206, 14293, 15446, 15064, 15320, 17242, 10843, 11099, 12891, 13919, 15327, 15330,
17381, 14439, 10216, 15593, 11371, 14443, 15086, 18031, 12150, 18169, 15738, 15228,
15868, 13438, 19582, 11076, 17541, 18570, 10315, 16972, 17747, 17622, 14559, 16479,
17887, 16160, 13345, 18979, 15972, 18021, 19557, 14567, 19177, 19370, 16875, 19118,
18607, 18289, 13109, 17141, 19957, 18491, 14911, 790, 3898, 2411, 4861, 16130,
18827, 15501, 14542, 15887, 16208, 10257, 14226, 17751, 14170, 14046, 19935, 16483,
13988, 14182, 16938, 16428, 16435, 18099, 15543, 13560, 10682, 13819, 10748, 13629,
12608, 18352, 14902, 19958, 11592, 6228, 8612, 9030, 6985, 9803, 8590, 3043,
964, 5612, 6591, 13185, 16865, 15650, 19334, 17768, 12745, 18799, 16658, 10835,
13107, 11766, 16759, 13722, 11771, 17405, 18397, 19550, 15391, 18175, 1220, 9064,
6537, 3275, 1300, 3800, 8347, 8379, 1597, 7197, 3935, 5055, 7839, 8575,
18658, 18069, 19829, 10808, 12394, 15822, 16642, 11594, 14348, 16461, 13134, 11471,
11280, 18192, 10450, 15443, 11156, 11477, 13079, 12314, 18907, 14364, 14748, 12510,
13472, 15200, 13793, 17442, 15267, 13604, 13480, 12842, 11883, 16237, 16176, 18672,
18997, 17655, 15288, 15545, 13370, 15226, 19837, 12030, 18435, 16644, 11272, 14601,
19465, 16143, 19473, 12306, 19479, 18975, 10016, 11809, 18722, 18980, 16167, 10024,
17449, 13355, 14892, 16941, 15925, 17210, 17471, 18498, 19779, 14405, 16971, 15181,
10574, 19284, 18011, 11357, 14941, 19551, 16997, 12135, 10344, 11881, 19817, 14186,
11117, 16495, 15217, 19569, 10868, 16245, 19579, 14204, 18052, 19337, 19849, 19082,
11915, 15500, 18066, 15511, 10908, 10141, 15261, 12191, 16799, 15010, 11939, 16804,
11429, 10662, 11430, 17063, 12713, 14761, 15786, 19373, 12207, 14514, 10932, 12726,
10680, 12218, 18624, 14529, 17602, 11971, 15555, 16836, 11973, 10185, 10703, 15823,
17873, 13013, 12503, 19931, 10972, 10717, 10206, 15326, 15071, 11234, 16358, 14311,
15591, 16871, 10728, 18921, 17131, 18925, 10990, 19697, 13810, 13814, 15864, 18681,
14846, 526, 7982, 9135, 13508, 18836, 16181, 18517, 10406, 10903, 15383, 12233,
15962, 11020, 18926, 19362, 16627, 18532, 17461, 18445, 15489, 14162, 11539, 16371,
18276, 10725, 17046, 13320, 19528, 15113, 5634, 3077, 2054, 9223, 1032, 4616,
4617, 5645, 4114, 3603, 1556, 4628, 8212, 4120, 4121, 5657, 9754, 1565,
6174, 1567, 2592, 6689, 1058, 6178, 1575, 2599, 2600, 5672, 3626, 6187,
5677, 9261, 5170, 9266, 8244, 5173, 2614, 56, 2104, 8760, 8761, 5178,
8764, 2621, 8253, 577, 3137, 1604, 5189, 9797, 6727, 1611, 4173, 2126,
2643, 7251, 8789, 1111, 2136, 1116, 2652, 9310, 4704, 6752, 1634, 2149,
614, 1128, 2665, 2155, 3181, 3182, 8303, 8815, 1136, 8816, 3697, 6257,
9329, 1141, 6261, 7285, 8821, 9335, 5241, 6265, 125, 637, 6781, 3199,
1666, 3203, 6275, 1157, 3212, 1167, 9361, 5778, 2709, 6294, 6808, 3226,
8346, 3232, 9376, 673, 2721, 9891, 4772, 7332, 3749, 7334, 170, 1706,
8874, 1707, 6318, 3761, 2228, 9396, 3253, 8373, 2742, 5814, 7862, 3255,
3258, 8891, 1726, 191, 2754, 9410, 1221, 2245, 6853, 7878, 1223, 2759,
9415, 8906, 204, 6860, 8909, 9421, 8399, 9935, 6865, 7889, 4825, 9434,
7899, 222, 5344, 7905, 4835, 741, 742, 2790, 3814, 743, 4327, 3818,
8427, 9963, 4332, 8942, 2800, 6384, 241, 4337, 6897, 754, 755, 3829,
4341, 2806, 7927, 6904, 8956, 8957, 4862, 3841, 4353, 8449, 2307, 5891,
9987, 1284, 8453, 8968, 1291, 5900, 4366, 4878, 4880, 2321, 5906, 1812,
789, 2326, 3864, 6937, 8473, 1819, 4379, 4891, 284, 2848, 7458, 1316,
8996, 8488, 9003, 6956, 7468, 820, 3380, 7478, 9531, 2365, 7485, 830,
1343, 1344, 321, 7489, 9538, 7491, 5449, 842, 1873, 9556, 9047, 2392,
3928, 9560, 5470, 7008, 8544, 7009, 1890, 6499, 4452, 5988, 7012, 7524,
360, 8041, 1900, 2412, 2924, 4461, 8046, 879, 6513, 1395, 8563, 372,
1396, 7028, 3958, 9078, 6013, 3968, 3970, 7043, 8580, 5509, 1927, 2953,
9612, 3982, 5006, 3471, 7572, 3990, 2455, 7067, 9627, 2461, 9120, 1441,
6565, 6054, 4007, 2472, 2984, 9641, 4522, 1453, 2477, 8109, 1968, 8112,
4019, 2996, 4536, 8632, 953, 4025, 3514, 8123, 7100, 4031, 8127, 4032,
6080, 7106, 1475, 8132, 966, 8646, 456, 3529, 5579, 9164, 2509, 3533,
3023, 7631, 2001, 6098, 5075, 2004, 5592, 9182, 8159, 4580, 3045, 2022,
5608, 2025, 6635, 2540, 1521, 5106, 5109, 2552, 3064, 6137, 4602, 8699,
6652, 3071, 4512, 6307, 8739, 4900, 8485, 3686, 3271, 1964, 9613, 9070,
6449, 7089, 1173, 8119, 7832, 729, 3289, 9209, 6554, 1085, 4094, 5854,
6527, 11795, 16451, 16346, 18830, 16639, 15584, 15649, 15715, 18055, 12136, 15528,
10889, 17161, 14700, 17102, 14000, 12339, 14259, 16564, 10230, 12214, 12375, 14395,
14172, 15484, 14525, 10241, 14785, 194, 2955, 14988, 13773, 12304, 10513, 2773,
6104, 12761, 17882, 10075, 19675, 5085, 19166, 6175, 7329, 8166, 17322, 4269,
15405, 10286, 14708, 9781, 6902, 15928, 10044, 12284, 9469, 16253, 14974, 9360,
226, 7603, 9256, 9752, 7402, 2283, 8251, 8717, 6894, 11395, 18631, 14345,
13898, 15626, 19787, 10253, 14288, 18960, 19793, 10962, 18582, 14487, 12447, 19808,
13157, 19621, 10409, 12906, 15662, 14128, 10356, 19764, 16375, 10747, 15355, 19260,
11582, 3106, 8728, 5278, 5248, 3585, 8962, 9476, 7941, 7560, 9480, 7177,
8591, 5010, 4371, 8084, 7061, 3225, 7068, 7964, 31, 9760, 2977, 2850,
5667, 2468, 4388, 6564, 1062, 168, 9384, 9257, 5036, 9648, 8881, 2229,
4663, 6200, 5949, 4158, 8126, 2752, 9024, 7105, 6211, 1990, 6982, 583,
9287, 5704, 9162, 844, 4685, 2895, 4944, 6608, 7120, 5843, 8916, 214,
2262, 4314, 1504, 9697, 6883, 7395, 3046, 9190, 2541, 5487, 7024, 7408,
8178, 1013, 7029, 6262, 8439, 8951, 9207, 9464, 1530, 5627, 508, 8444,
9085, 9214, 4361, 2238, 10211, 14531, 5892, 5125, 18405, 9414, 327, 14377,
13103, 6195, 2324, 13142, 11832, 1370, 6079, 8671, 13952, 14336, 6593, 18787,
12487, 2824, 18731, 12783, 6994, 7859, 18707, 853, 11925, 10294, 9593, 11641,
16794, 3515, 11323, 2525, 18432, 11106, 14498, 19363, 13356, 16940, 19532, 12014,
15027, 18931, 10101, 12633, 17849, 1539, 11237, 5319, 16135, 3785, 18251, 18635,
14124, 8240, 5009, 7409, 3667, 3381, 14486, 12183, 5432, 11864, 3099, 11003,
16092, 10205, 5888, 15042, 5108, 12790, 3224, 5848, 14729, 19065, 19195, 2714,
9244, 510, 2436, 965, 3013, 7045, 265, 6666, 1227, 3087, 3795, 2900,
6805, 2967, 3415, 4951, 8983, 9305, 9884, 1118, 8350, 3359, 9183, 6113,
3170, 6562, 5796, 6692, 7333, 8616, 1513, 7787, 6320, 8304, 8624, 3249,
2034, 308, 1974, 7480, 7864, 4345, 6010, 6394, 4091, 9441, 9379, 2792,
2920, 3880, 9320, 4745, 9482, 9483, 846, 2734, 854, 2486, 2839, 9655,
312, 9529, 7578, 827, 2941, 9566, 1371, 6427, 3964, 7084, 4486, 7180,
6893, 2995, 15157, 7095, 3675, 15259, 15068, 16124, 16605, 4830, 3775, 8511,
5953, 9545, 2571, 1740, 7117, 2319, 7311, 6354, 7764, 9044, 2453, 7129,
7961, 9626, 8351, 5858, 8230, 7975, 4138, 3247, 3824, 2291, 3765, 2230,
8254, 3813, 2712, 10401, 2338, 15685, 16261, 10311, 10089, 9067, 2413, 19982,
18738, 17427, 15828, 6229, 15544, 17112, 18361, 8538, 11962, 13402, 18042, 14652,
11805, 16701, 19965, 9152, 2369, 4550, 7815, 201, 9291, 9675, 396, 8207,
3472, 8853, 7702, 471, 3866, 2715, 860, 94, 7647, 1376, 4322, 5284,
5287, 9650, 7411, 2746, 8380, 10624, 7681, 3202, 9346, 18946, 132, 3974,
5254, 1543, 17927, 648, 12937, 9100, 11532, 2061, 6541, 5647, 16399, 19344,
6419, 16147, 532, 16404, 17940, 17813, 18967, 10776, 15643, 18080, 5025, 1833,
2602, 14378, 1963, 7595, 15659, 2093, 9008, 15282, 16178, 7219, 18867, 7735,
10297, 7867, 11579, 7614, 3007, 12351, 17091, 5444, 14662, 1741, 5070, 14030,
19150, 1231, 720, 15697, 12498, 14804, 19028, 13653, 6361, 6235, 10589, 10466,
4330, 17002, 9707, 5485, 4211, 14451, 7925, 13813, 14710, 5753, 8186, 1403,
3424, 10259, 19160, 10729, 5066, 14380, 8532, 2853, 5844, 5863, 14929, 19745,
3385, 1626, 3754, 10987, 3676, 19564, 15341, 5998, 19615, 6400, 18308, 11974,
3400, 18185, 19595, 12301, 8975, 146, 4249, 7257, 10909, 16352, 4770, 12196,
15652, 5029, 807, 14185, 12140, 6321, 13492, 14132, 12732, 14591, 10114, 11074,
13348, 2438, 19974, 2215, 2857, 7817, 779, 10827, 16846, 7663, 11281, 10099,
10644, 7510, 2969, 6297, 8474, 16123, 2111, 1138, 1922, 7594, 7275, 3612,
7359, 8792, 3070, 9918, 6191, 6751, 8495, 1664, 3520, 1250, 6633, 7626,
6795, 8811, 8652, 8081, 3317, 1942, 9046, 1945, 8698, 2930, 6850, 1363,
8899, 9619, 19492, 6375, 1624, 3037, 5791, 2753, 13857, 3528, 1866, 19884,
11757, 5774, 6319, 6353, 119, 2999, 14489, 8122, 5052, 17570, 15907, 9558,
11801, 5760, 9794, 6792, 7497, 5898, 3276, 335, 2191, 1552, 6801, 2003,
5715, 7060, 6169, 7641, 3482, 4635, 6811, 2591, 4896, 4904, 9128, 9259,
1516, 3441, 6589, 2110, 7942, 2266, 2337, 9249, 933, 458, 2315, 3531,
4301, 7725, 9872, 5876, 9815, 1882, 6365, 7101, 1025, 2051, 8, 2057,
1034, 1037, 2061, 2064, 1044, 2070, 25, 2075, 2081, 2083, 37, 2087,
1064, 2091, 1068, 2093, 1071, 57, 1081, 2111, 2112, 2114, 69, 2119,
75, 1099, 2124, 79, 80, 1104, 82, 2131, 1109, 1115, 2139, 2142,
97, 98, 100, 1126, 103, 2151, 105, 2160, 1137, 114, 119, 2167,
2168, 122, 2173, 126, 1150, 1151, 132, 1162, 1164, 145, 146, 152,
2202, 2206, 162, 2210, 163, 2215, 1193, 2217, 2221, 1198, 176, 177,
1202, 181, 183, 184, 1208, 185, 1209, 186, 2235, 188, 2236, 192,
1216, 1217, 2241, 194, 2246, 2249, 2253, 1230, 1231, 2255, 208, 1232,
209, 1236, 216, 2264, 217, 2268, 1245, 225, 228, 1253, 2278, 1255,
1258, 2288, 251, 252, 2300, 1287, 1288, 2312, 2316, 1294, 2318, 1295,
1297, 1298, 2324, 278, 282, 283, 1308, 2332, 286, 1311, 289, 290,
2338, 293, 1318, 1319, 2345, 1326, 1329, 309, 310, 1335, 312, 1337,
320, 322, 1349, 327, 1352, 331, 332, 333, 334, 1363, 2387, 341,
1365, 2393, 1370, 2395, 348, 349, 2403, 2405, 358, 2409, 363, 2413,
2414, 371, 2419, 2423, 1403, 2430, 384, 390, 2438, 2439, 397, 1429,
2457, 1435, 1437, 414, 1439, 1446, 423, 1447, 1448, 1449, 1450, 1452,
429, 1454, 1455, 1458, 436, 1460, 439, 1464, 444, 446, 449, 451,
1478, 1485, 1487, 1494, 472, 476, 1501, 478, 489, 1514, 1515, 1524,
1526, 505, 1539, 516, 518, 1543, 521, 524, 528, 530, 1554, 532,
537, 1562, 540, 1564, 1574, 553, 1579, 557, 1582, 1588, 565, 568,
1592, 574, 1607, 584, 586, 1613, 591, 1615, 1617, 595, 1624, 1626,
604, 605, 609, 615, 1640, 624, 626, 631, 633, 1659, 1663, 643,
648, 1673, 1676, 1678, 1680, 1682, 663, 1687, 1690, 667, 669, 672,
1699, 678, 1703, 1705, 682, 686, 1710, 690, 1715, 693, 1717, 697,
1721, 702, 1727, 704, 1731, 1732, 713, 1741, 720, 721, 1747, 726,
727, 732, 1765, 1768, 1769, 746, 750, 1780, 1781, 761, 1789, 1790,
769, 1793, 1794, 1795, 772, 1796, 1797, 1798, 1800, 779, 780, 784,
791, 794, 1825, 1828, 1830, 807, 1832, 1833, 1837, 819, 823, 826,
827, 828, 831, 833, 1859, 837, 1861, 1866, 846, 847, 853, 854,
855, 857, 866, 867, 1891, 870, 1894, 871, 877, 878, 880, 1904,
1908, 885, 886, 1914, 893, 894, 895, 1929, 1934, 1937, 1943, 1946,
1951, 931, 1955, 1961, 938, 1963, 944, 948, 1976, 1977, 956, 1981,
960, 1984, 961, 963, 1995, 2002, 980, 981, 2006, 2008, 2011, 2017,
2019, 997, 2023, 1004, 1005, 2032, 2037, 1015, 2042, 1020, 2045, 3360,
3042, 7337, 4667, 9964, 4829, 8493, 2270, 511, 8447, 1904, 13701, 3806,
5310, 4722, 564, 8089, 1086, 4623, 1125, 9048, 1095, 1738, 1549, 3213,
7406, 1618, 4595, 2357, 2485, 6073, 1050, 3162, 3068, 797, 1648, 1685,
7689, 927, 3266, 7175, 15703, 5784, 252, 6446, 2994, 3141, 5354, 3581,
527, 7044, 582, 2374, 7116, 7183, 2577, 3860, 8471, 2648, 3353, 8283,
156, 8861, 9053, 3998, 7658, 8938, 684, 1262, 2033, 4274, 9010, 8691,
9907, 9977, 9530, 5885, 9858, 6309, 17925, 6695, 7977, 16457, 19209, 5130,
17006, 14096, 19380, 18581, 16470, 19350, 6143, 16895, 5923, 7347, 11331, 2869,
13256, 12026, 7356, 10078, 18063, 4785, 17923, 15477, 17001, 18653, 6576, 3883,
5851, 2812, 16384, 16325, 9033, 13225, 16265, 13226, 4683, 17739, 8845, 19631,
10256, 12689, 19190, 19351, 9848, 18840, 19736, 3897, 14298, 14492, 14721, 2596,
12804, 9991, 19991, 3145, 11017, 8448, 7361, 8897, 1860, 9732, 1991, 7879,
8521, 9865, 906, 5195, 460, 6092, 6606, 401, 5713, 148, 2389, 8533,
6934, 8534, 4375, 7447, 2137, 5532, 1374, 1119, 2847, 2080, 5989, 8805,
6182, 6310, 7210, 4459, 4141, 8437, 8885, 6134, 6839, 2424, 2233, 9081,
9401, 4410, 7227, 829, 4064, 8880, 16262, 1447, 4201, 6538, 4811, 8539,
13903, 10642, 17782, 4744, 537, 6058, 13056, 4625, 6786, 19491, 9668, 310,
10904, 15384, 18552, 1601, 5506, 1093, 8518, 9866, 588, 3340, 5901, 1806,
5902, 3279, 6993, 5650, 6418, 8275, 3606, 4054, 728, 1177, 602, 3546,
9948, 861, 5540, 4582, 3245, 6831, 3377, 1842, 7794, 9272, 1788, 4412,
5950, 3284, 18086, 16859, 3134, 8144, 8817, 6515, 1253, 7226, 7482, 1004,
2268, 9646, 9716, 13558, 19398, 8039, 13547, 3277, 16063, 16448, 145, 12531,
14100, 16868, 2677, 17413, 15303, 10184, 19099, 6789, 263, 3215, 6799, 5584,
84, 5397, 4248, 6872, 601, 5082, 1055, 6369, 5860, 2789, 7081, 9001,
6890, 6571, 6701, 8431, 8753, 2740, 3957, 4725, 6069, 630, 1142, 4983,
6135, 1401, 3833, 4863, 1106, 147, 5542, 6470, 3831, 6312, 4169, 8729,
8937, 3999, 7779, 15076, 7110, 6891, 18987, 2124, 6062, 19790, 4689, 3347,
14073, 6842, 19963, 11870, 2053, 86, 2506, 10805, 13288, 19353, 12650, 7821,
11933, 16974, 1699, 14755, 11189, 5590, 14086, 16390, 18888, 2761, 1727, 8452,
262, 1544, 4108, 9742, 8465, 4627, 2581, 3605, 1302, 1822, 5406, 3618,
803, 6185, 5418, 562, 3642, 6204, 1087, 7999, 6465, 7490, 2116, 73,
6986, 7243, 5965, 3409, 3921, 9300, 6230, 9312, 6500, 2664, 9323, 8556,
9836, 7534, 8052, 4470, 6776, 4473, 2938, 5498, 6780, 5247, 4737, 6018,
3460, 1931, 2957, 910, 8594, 9618, 2200, 1689, 6553, 2207, 9377, 8354,
6051, 6820, 5285, 8360, 9640, 3758, 5295, 688, 1456, 7600, 6578, 5561,
3771, 5056, 6336, 9409, 9412, 6085, 8391, 6344, 6603, 972, 4556, 3789,
9166, 2767, 8659, 3032, 4062, 6367, 4320, 5857, 482, 8933, 8167, 9705,
1003, 2539, 2287, 9456, 1009, 3059, 3575, 5881, 6654, 2559, 8176, 5602,
5524, 7541, 5945, 8249, 8332, 9458, 4837